# Created by Octave 6.1.1~hg.2021.01.26, Wed Nov 03 08:26:25 2021 +06 <salim@salim-Inspiron-3521>
# name: X
# type: matrix
# rows: 1
# columns: 5
 0 2 3 5 6


# name: Y
# type: matrix
# rows: 1
# columns: 5
 0 8 27 125 216


# name: ans
# type: scalar
27


