# Created by Octave 6.4.0, Wed Nov 10 13:56:52 2021 +06 <anon@arch>
# name: A
# type: matrix
# rows: 3
# columns: 3
 6 1 2
 1 4 3
 2 1 8


# name: b
# type: matrix
# rows: 3
# columns: 1
 6
 -4
 8


# name: x_0
# type: matrix
# rows: 1
# columns: 3
 1.3 -1.8999999999999999 0.80000000000000004


